225
248
300
247
210
202
252
300
300
300
225
191
292
167
171
177
242
220
198
150
245
300
183
253
258
236
201
300
274
174
244
209
204
300
245
191
215
253
205
242
176
298
203
237
197
217
300
180
222
300
204
205
214
300
292
300
291
139
205
300
236
252
231
198
202
255
211
232
214
275
251
198
300
253
300
189
277
254
224
233
300
273
256
230
287
224
300
299
270
247
219
281
158
187
211
295
238
239
239
233
300
300
264
287
297
210
247
196
266
239
176
235
191
222
213
171
273
281
232
285
270
250
140
248
216
300
274
226
300
237
294
238
278
265
300
256
298
289
166
292
202
287
261
298
255
215
251
136
291
1
300
279
241
274
280
286
246
275
247
251
242
207
176
228
243
192
291
228
300
217
224
231
200
262
298
253
300
220
258
158
276
199
250
285
282
192
173
158
300
283
247
236
172
244
294
199
295
235
300
253
222
222
210
256
281
206
246
244
282
249
189
198
299
253
153
233
290
295
271
254
289
210
205
226
267
150
181
160
156
250
221
212
196
167
209
233
210
148
172
237
237
137
173
192
191
170
250
181
212
162
250
248
179
143
201
161
236
141
152
208
138
245
210
250
176
206
203
138
235
244
150
180
242
201
237
156
234
192
182
163
244
183
250
249
156
200
211
184
250
214
175
126
122
220
193
240
194
171
210
212
209
212
189
247
192
250
188
231
250
211
245
196
210
204
152
212
245
131
154
180
185
165
250
157
207
147
216
165
191
169
246
250
239
160
197
197
211
250
245
189
198
211
193
217
204
210
244
185
238
250
165
213
208
147
159
234
239
250
203
197
250
187
239
238
213
163
209
242
172
176
217
250
190
174
248
250
181
250
241
209
198
210
249
179
250
250
221
158
187
176
218
198
184
236
245
229
236
247
183
202
236
250
159
183
248
206
250
248
250
250
212
196
192
159
179
249
179
197
131
245
190
250
206
159
232

