317
322
269
245
422
249
371
405
457
497
490
379
395
449
500
396
326
492
444
384
486
428
418
366
354
500
407
309
275
484
342
265
320
360
388
332
463
486
351
500
401
462
477
403
370
410
486
413
452
385
372
425
424
493
489
416
441
328
499
407
358
482
398
362
406
479
500
378
405
442
355
394
463
332
378
387
345
455
358
500
387
317
419
500
447
499
333
309
402
484
453
420
398
445
413
420
497
314
458
431
322
424
500
500
500
460
428
500
488
357
250
488
324
500
496
423
339
396
273
500
333
486
500
457
331
385
253
438
494
347
482
500
357
401
339
424
381
318
500
317
335
266
461
383
430
357
427
415
263
323
468
382
357
499
349
497
396
347
412
434
416
500
281
500
500
500
500
405
344
317
488
491
500
356
292
282
463
403
376
499
342
376
492
359
459
378
472
498
500
437
333
405
497
332
500
423
405
346
491
471
497
321
352
494
346
500
401
307
350
500
337
388
450
383
352
336
334
461
405
429
446
322
341
409
398
346
490
235
347
386
349
346
460
487
473
345
332
318
419
338
500
332
447
439
431
500
450
448
404
341
